Projekt-Nummer: 12345678-12345
Projektname: Musterstadt, Drucksondierkampagne XYZ
Versuchs-Nummer: CPTU1
Kundenname: -
Ort: 12345 Musterstadt
Datum: 07.05.2023
Konus-Nummer: S22ABCDEF.S221234
Geländekante: 0,00
Wasserspiegel: 0,00
Vorbohrwerte: 0,00
E Coordinate: 0,000
N Coordinate: 0,000

Tiefe     qc        fs        u2        I         Rf        ic        Su_min    Su_max    soilfr    soilbq    soilavg   IFA       
          [MPa]     [MPa]     [MPa]     [°]       [%]                 [kPa]     [kPa]                                   [°]       

0,00      0,60      0,000     0,000     1,0       0,00      4,00      UNDEF     UNDEF     0,0       0,0       0,0       UNDEF     
0,01      0,60      0,000     0,000     1,4       0,00      4,00      UNDEF     UNDEF     0,0       0,0       0,0       UNDEF     
0,02      0,67      0,000     0,000     1,5       0,01      0,64      UNDEF     UNDEF     0,0       0,0       0,0       UNDEF     
0,03      0,75      0,000     0,000     1,4       0,02      0,46      UNDEF     UNDEF     0,0       0,0       0,0       UNDEF     
0,04      0,89      0,000     0,000     1,9       0,03      0,35      UNDEF     UNDEF     0,0       0,0       0,0       UNDEF     
0,05      1,04      0,001     0,000     1,7       0,06      0,36      UNDEF     UNDEF     0,0       0,0       0,0       UNDEF     
0,06      1,09      0,002     0,000     2,4       0,11      0,56      UNDEF     UNDEF     0,0       0,0       0,0       UNDEF     
0,07      1,36      0,003     0,001     2,2       0,21      0,71      UNDEF     UNDEF     0,0       0,0       0,0       UNDEF     
0,08      1,63      0,007     0,001     2,4       0,37      0,90      UNDEF     UNDEF     0,0       0,0       0,0       UNDEF     
0,09      1,86      0,014     0,001     2,8       0,66      1,13      UNDEF     UNDEF     0,0       0,0       0,0       UNDEF     
0,10      2,20      0,021     0,001     2,8       0,87      1,23      UNDEF     UNDEF     0,0       0,0       0,0       UNDEF     
0,11      2,53      0,044     0,001     2,9       1,53      1,48      UNDEF     UNDEF     0,0       0,0       0,0       UNDEF     
0,12      2,87      0,068     0,001     2,7       1,91      1,61      UNDEF     UNDEF     0,0       0,0       0,0       UNDEF     
0,13      3,13      0,070     0,001     2,6       1,56      1,58      UNDEF     UNDEF     0,0       0,0       0,0       UNDEF     
0,14      3,09      0,073     0,001     2,8       1,28      1,61      UNDEF     UNDEF     0,0       0,0       0,0       UNDEF     
0,15      3,11      0,085     0,001     3,0       1,17      1,67      UNDEF     UNDEF     0,0       0,0       0,0       UNDEF     
0,16      3,40      0,097     0,001     3,0       1,09      1,69      UNDEF     UNDEF     0,0       0,0       0,0       UNDEF     
0,17      4,13      0,126     0,001     3,1       1,20      1,71      UNDEF     UNDEF     0,0       0,0       0,0       UNDEF     
0,18      5,06      0,230     0,001     3,2       1,89      1,88      UNDEF     UNDEF     0,0       0,0       0,0       UNDEF     
0,19      6,75      0,248     0,001     3,2       1,81      1,79      UNDEF     UNDEF     0,0       0,0       0,0       UNDEF     
0,20      9,77      0,287     0,001     3,0       1,89      1,70      UNDEF     UNDEF     0,0       0,0       0,0       UNDEF     
0,21      13,09     0,293     0,001     2,9       1,78      1,59      UNDEF     UNDEF     0,0       0,0       0,0       UNDEF     
0,22      18,59     0,330     0,001     2,9       1,85      1,52      UNDEF     UNDEF     0,0       0,0       0,0       UNDEF     
0,23      23,40     0,396     0,002     3,0       2,08      1,53      UNDEF     UNDEF     0,0       0,0       0,0       UNDEF     
0,24      30,03     0,426     0,002     2,9       2,10      1,49      UNDEF     UNDEF     0,0       0,0       0,0       UNDEF     
0,25      32,67     0,453     0,002     2,9       2,12      1,49      UNDEF     UNDEF     0,0       0,0       0,0       UNDEF     
0,26      32,84     0,475     0,002     3,1       2,11      1,50      UNDEF     UNDEF     0,0       0,0       0,0       UNDEF     
0,27      32,55     0,506     0,002     2,9       2,14      1,52      UNDEF     UNDEF     0,0       0,0       0,0       UNDEF     
0,28      31,17     0,536     -0,008    2,3       2,10      1,55      UNDEF     UNDEF     0,0       0,0       0,0       UNDEF     
0,29      29,35     0,570     -0,018    2,0       2,20      1,59      UNDEF     UNDEF     0,0       0,0       0,0       UNDEF     
0,30      28,59     0,614     -0,022    2,0       2,30      1,62      UNDEF     UNDEF     0,0       0,0       0,0       UNDEF     
0,31      27,69     0,645     -0,030    2,1       2,30      1,65      UNDEF     UNDEF     0,0       0,0       0,0       UNDEF     
0,32      26,89     0,674     -0,033    2,0       2,30      1,68      UNDEF     UNDEF     0,0       0,0       0,0       UNDEF     
0,33      25,97     0,690     -0,033    2,0       2,30      1,69      UNDEF     UNDEF     0,0       0,0       0,0       UNDEF     
0,34      25,08     0,705     -0,033    2,0       2,30      1,71      UNDEF     UNDEF     0,0       0,0       0,0       UNDEF     
0,35      24,63     0,747     -0,033    2,0       2,40      1,74      UNDEF     UNDEF     0,0       0,0       0,0       UNDEF     
0,36      24,80     0,780     -0,033    2,2       2,50      1,75      UNDEF     UNDEF     0,0       0,0       0,0       UNDEF     
0,37      24,97     0,801     -0,033    2,1       2,50      1,76      UNDEF     UNDEF     0,0       0,0       0,0       UNDEF     
0,38      25,33     0,000     -0,033    2,2       0,00      0,00      0,000     0,000     0,0       0,0       0,0       0,000     
0,39      26,07     0,000     -0,032    2,0       0,00      0,00      0,000     0,000     0,0       0,0       0,0       0,000     
0,40      29,21     0,000     -0,031    2,2       0,00      0,00      0,000     0,000     0,0       0,0       0,0       0,000     
0,41      35,05     0,000     -0,029    2,1       0,00      0,00      0,000     0,000     0,0       0,0       0,0       0,000     
0,42      37,69     0,000     -0,029    2,2       0,00      0,00      0,000     0,000     0,0       0,0       0,0       0,000     
0,43      41,87     0,000     -0,028    2,2       0,00      0,00      0,000     0,000     0,0       0,0       0,0       0,000     
0,44      42,91     0,000     -0,028    3,2       0,00      0,00      0,000     0,000     0,0       0,0       0,0       0,000     
0,45      45,72     0,000     -0,027    3,3       0,00      0,00      0,000     0,000     0,0       0,0       0,0       0,000     
0,46      48,33     0,000     -0,027    3,3       0,00      0,00      0,000     0,000     0,0       0,0       0,0       0,000     
0,47      60,49     0,000     -0,029    3,4       0,00      0,00      0,000     0,000     0,0       0,0       0,0       0,000     
